# Matter power spectrum P(k) at redshift z=0.5
# for k=1.04684e-05 to 1.49786 h/Mpc,
# number of wavenumbers equal to 525
#    1:k (h/Mpc)              2:P (Mpc/h)^3        
       1.046838254073e-05       2.823454084765e+01 
       2.339239294690e-05       6.139264367951e+01 
       3.636211258110e-05       9.401104799927e+01 
       4.941267169675e-05       1.264255623176e+02 
       6.257978506766e-05       1.588299614834e+02 
       7.590007257106e-05       1.913711400504e+02 
       8.941139008165e-05       2.241758163389e+02 
       1.031531751052e-04       2.573615242910e+02 
       1.171668116135e-04       2.910422599818e+02 
       1.314960185763e-04       3.253319401578e+02 
       1.461872666915e-04       3.603468292985e+02 
       1.612902277501e-04       3.962074455465e+02 
       1.768582608843e-04       4.330402048822e+02 
       1.929489395610e-04       4.709789398793e+02 
       2.096246224918e-04       5.101663607200e+02 
       2.269530705071e-04       5.507555111735e+02 
       2.450081096992e-04       5.929112299269e+02 
       2.638703385590e-04       6.368116294598e+02 
       2.836278731210e-04       6.826495808356e+02 
       3.043771189505e-04       7.306341719288e+02 
       3.262235517688e-04       7.809920965210e+02 
       3.492824791840e-04       8.339689040127e+02 
       3.736797440101e-04       8.898300052669e+02 
       3.995523147497e-04       9.488613076227e+02 
       4.270486910436e-04       1.011369302972e+03 
       4.563290318473e-04       1.077680396141e+03 
       4.875648932553e-04       1.148139221926e+03 
       5.209384440046e-04       1.223105669213e+03 
       5.566410141291e-04       1.302950307745e+03 
       5.948708322125e-04       1.388047957890e+03 
       6.358298269272e-04       1.478769191234e+03 
       6.797194172148e-04       1.575469710461e+03 
       7.267352989175e-04       1.678477745879e+03 
       7.770613550747e-04       1.788079917643e+03 
       8.308629645091e-04       1.904506323925e+03 
       8.882801386995e-04       2.027915924690e+03 
       9.494210483803e-04       2.158383560577e+03 
       1.014356570580e-03       2.295889993947e+03 
       1.083116460410e-03       2.440316221006e+03 
       1.155687614839e-03       2.591442958850e+03 
       1.232014661873e-03       2.748955599928e+03 
       1.312002821567e-03       2.912454274693e+03 
       1.395522706726e-03       3.081453145464e+03 
       1.482416520757e-03       3.255432280735e+03 
       1.572505006192e-03       3.433839208468e+03 
       1.665594506830e-03       3.616095324027e+03 
       1.761483607374e-03       3.801620349950e+03 
       1.859968968452e-03       3.989845801397e+03 
       1.960850141653e-03       4.180225481395e+03 
       2.063933297594e-03       4.372243439085e+03 
       2.169033912537e-03       4.565418605517e+03 
       2.275978531207e-03       4.759307910222e+03 
       2.384605759394e-03       4.953507621015e+03 
       2.494766648282e-03       5.147652605649e+03 
       2.606324622691e-03       5.341415436852e+03 
       2.719155085692e-03       5.534504154277e+03 
       2.833144808513e-03       5.726659933423e+03 
       2.948191191127e-03       5.917653729247e+03 
       3.064201457834e-03       6.107285050965e+03 
       3.181091834265e-03       6.295377080493e+03 
       3.298786737969e-03       6.481776435103e+03 
       3.417218003632e-03       6.666350316966e+03 
       3.536324155751e-03       6.848981709588e+03 
       3.656049735545e-03       7.029572114063e+03 
       3.776344684708e-03       7.208036017328e+03 
       3.897163785761e-03       7.384301516294e+03 
       4.018466156887e-03       7.558307038881e+03 
       4.140214798067e-03       7.730000616638e+03 
       4.262376184676e-03       7.899341758517e+03 
       4.384919904513e-03       8.066294521050e+03 
       4.507818334176e-03       8.230833494111e+03 
       4.631046350859e-03       8.392934106981e+03 
       4.754581075876e-03       8.552582430050e+03 
       4.878401646475e-03       8.709770640278e+03 
       5.002489012830e-03       8.864488737914e+03 
       5.126825757376e-03       9.016732674022e+03 
       5.251395933948e-03       9.166502858297e+03 
       5.376184924470e-03       9.313797778857e+03 
       5.501179311156e-03       9.458711094240e+03 
       5.626366762470e-03       9.601159550725e+03 
       5.751735931236e-03       9.741052412762e+03 
       5.877276363516e-03       9.878414527092e+03 
       6.002978417038e-03       1.001335818347e+04 
       6.128833188064e-03       1.014591940436e+04 
       6.254832445767e-03       1.027607109503e+04 
       6.380968573268e-03       1.040412102897e+04 
       6.507234514587e-03       1.053002577450e+04 
       6.633623726859e-03       1.065320811327e+04 
       6.760130137242e-03       1.077407892224e+04 
       6.886748104005e-03       1.089265674001e+04 
       7.013472381345e-03       1.100895003148e+04 
       7.140298087538e-03       1.112298122378e+04 
       7.267220676083e-03       1.123475890721e+04 
       7.394235909504e-03       1.134432074782e+04 
       7.521339835562e-03       1.145168975448e+04 
       7.648528765610e-03       1.155696130579e+04 
       7.775799254893e-03       1.166000780049e+04 
       7.903148084580e-03       1.176091530096e+04 
       8.030572245374e-03       1.185970196565e+04 
       8.158068922532e-03       1.195639984516e+04 
       8.285635482171e-03       1.205103591421e+04 
       8.413269458728e-03       1.214362424424e+04 
       8.540968543466e-03       1.223418345355e+04 
       8.668730573937e-03       1.232274588645e+04 
       8.796553524298e-03       1.240932889854e+04 
       8.924435496422e-03       1.249394492950e+04 
       9.052374711707e-03       1.257662698152e+04 
       9.180369503552e-03       1.265738501494e+04 
       9.308418310408e-03       1.273624828426e+04 
       9.436519669376e-03       1.281323040777e+04 
       9.564672210306e-03       1.288836162255e+04 
       9.692874650330e-03       1.296165729360e+04 
       9.821125788825e-03       1.303313868562e+04 
       9.949424502743e-03       1.310282513293e+04 
       1.007776974230e-02       1.317072623623e+04 
       1.020616052695e-02       1.323688702192e+04 
       1.033459594173e-02       1.330118700860e+04 
       1.046307513378e-02       1.336400682158e+04 
       1.059159730915e-02       1.342500622442e+04 
       1.072016172989e-02       1.348435279634e+04 
       1.084876771125e-02       1.354201857535e+04 
       1.097741461915e-02       1.359804878768e+04 
       1.110610186783e-02       1.365246201844e+04 
       1.123482891760e-02       1.370527823376e+04 
       1.136359527282e-02       1.375649230220e+04 
       1.149240047999e-02       1.380617070891e+04 
       1.162124412597e-02       1.385429087152e+04 
       1.175012583636e-02       1.390087975542e+04 
       1.187904527390e-02       1.394596476700e+04 
       1.200800213714e-02       1.398954487888e+04 
       1.213699615901e-02       1.403166415153e+04 
       1.226602710567e-02       1.407228904996e+04 
       1.239509477532e-02       1.411150035975e+04 
       1.252419899714e-02       1.414929209836e+04 
       1.265333963033e-02       1.418565945072e+04 
       1.278251656313e-02       1.422064459893e+04 
       1.291172971205e-02       1.425426879815e+04 
       1.304097902102e-02       1.428653209482e+04 
       1.317026446067e-02       1.431744486293e+04 
       1.329958602771e-02       1.434704743274e+04 
       1.342894374422e-02       1.437531577498e+04 
       1.355833765715e-02       1.440229376689e+04 
       1.368776783776e-02       1.442800075048e+04 
       1.381723438115e-02       1.445243934676e+04 
       1.394673740582e-02       1.447566810214e+04 
       1.407627705326e-02       1.449762457421e+04 
       1.420585348759e-02       1.451839318077e+04 
       1.433546689523e-02       1.453794981411e+04 
       1.446511748463e-02       1.455628516343e+04 
       1.459480548595e-02       1.457346948992e+04 
       1.472453115090e-02       1.458951229891e+04 
       1.485429475248e-02       1.460440582529e+04 
       1.498409658484e-02       1.461818207113e+04 
       1.511393696312e-02       1.463082264628e+04 
       1.524381622332e-02       1.464238565913e+04 
       1.537373472222e-02       1.465287538802e+04 
       1.550369283729e-02       1.466225522646e+04 
       1.563369096668e-02       1.467063125058e+04 
       1.576372952911e-02       1.467792516371e+04 
       1.589380896397e-02       1.468416403986e+04 
       1.602392973125e-02       1.468944192716e+04 
       1.615409231161e-02       1.469368599982e+04 
       1.628429720645e-02       1.469693841463e+04 
       1.641454493795e-02       1.469926057751e+04 
       1.654483604919e-02       1.470056188567e+04 
       1.667517110425e-02       1.470096444521e+04 
       1.680555068835e-02       1.470019010214e+04 
       1.693597540797e-02       1.469889948893e+04 
       1.706644589107e-02       1.469632993373e+04 
       1.719696278722e-02       1.469319356197e+04 
       1.732752676783e-02       1.468887164109e+04 
       1.745813852635e-02       1.468399196478e+04 
       1.758879877852e-02       1.467806793958e+04 
       1.771950826263e-02       1.467132810329e+04 
       1.785026773973e-02       1.466372825424e+04 
       1.798107799400e-02       1.465516700472e+04 
       1.811193983298e-02       1.464588394153e+04 
       1.824285408792e-02       1.463588333895e+04 
       1.837382161413e-02       1.462501298151e+04 
       1.850484329127e-02       1.461367972896e+04 
       1.863592002380e-02       1.460131752622e+04 
       1.876705274130e-02       1.458760312591e+04 
       1.889824239889e-02       1.457434373975e+04 
       1.902948997766e-02       1.455978645276e+04 
       1.916079648512e-02       1.454415335155e+04 
       1.929216295559e-02       1.452789377496e+04 
       1.942359045077e-02       1.451153100525e+04 
       1.955508006012e-02       1.449439836943e+04 
       1.968663290148e-02       1.447579835430e+04 
       1.981825012149e-02       1.445759804680e+04 
       1.994993289621e-02       1.443787156873e+04 
       2.008168243169e-02       1.441820467803e+04 
       2.021349996447e-02       1.439725942139e+04 
       2.034538676230e-02       1.437631545163e+04 
       2.047734412467e-02       1.435445017363e+04 
       2.060937338351e-02       1.433159936655e+04 
       2.074147590386e-02       1.430889410697e+04 
       2.087365308451e-02       1.428488205544e+04 
       2.100590635878e-02       1.426105272235e+04 
       2.113823719520e-02       1.423627621605e+04 
       2.127064709831e-02       1.421068414386e+04 
       2.140313760942e-02       1.418468360973e+04 
       2.153571030742e-02       1.415872870819e+04 
       2.166836680964e-02       1.413136131768e+04 
       2.180110877266e-02       1.410393334112e+04 
       2.193393789327e-02       1.407603598904e+04 
       2.206685590930e-02       1.404764903989e+04 
       2.219986460063e-02       1.401884692226e+04 
       2.233296579017e-02       1.398951880636e+04 
       2.246616134478e-02       1.395976356850e+04 
       2.259945317641e-02       1.392950616090e+04 
       2.273284324311e-02       1.389908529626e+04 
       2.286633355014e-02       1.386759832418e+04 
       2.299992615110e-02       1.383634982280e+04 
       2.313362314912e-02       1.380399532880e+04 
       2.326742669807e-02       1.377160338320e+04 
       2.340133900379e-02       1.373881353280e+04 
       2.353536232536e-02       1.370567842392e+04 
       2.366949897648e-02       1.367207041418e+04 
       2.380375132678e-02       1.363797206707e+04 
       2.393812180328e-02       1.360393302039e+04 
       2.407261289180e-02       1.356914292886e+04 
       2.420722713852e-02       1.353407873599e+04 
       2.434196715146e-02       1.349866101292e+04 
       2.447683560216e-02       1.346340021106e+04 
       2.461183522726e-02       1.342735562601e+04 
       2.474696883025e-02       1.339065445701e+04 
       2.488223928324e-02       1.335438504578e+04 
       2.501764952876e-02       1.331739151294e+04 
       2.515320258161e-02       1.327979556452e+04 
       2.528890153088e-02       1.324262388650e+04 
       2.542474954189e-02       1.320456608601e+04 
       2.556074985830e-02       1.316651074416e+04 
       2.569690580423e-02       1.312788411159e+04 
       2.583322078649e-02       1.308940027256e+04 
       2.596969829688e-02       1.305052037581e+04 
       2.610634191455e-02       1.301139969877e+04 
       2.624315530844e-02       1.297211078945e+04 
       2.638014223984e-02       1.293257454916e+04 
       2.651730656499e-02       1.289274002891e+04 
       2.665465223784e-02       1.285274440820e+04 
       2.679218331281e-02       1.281247904859e+04 
       2.692990394772e-02       1.277203284767e+04 
       2.706781840682e-02       1.273156461578e+04 
       2.720593106394e-02       1.269059428898e+04 
       2.734424640564e-02       1.264962022561e+04 
       2.748276903465e-02       1.260834911570e+04 
       2.762150367334e-02       1.256701275007e+04 
       2.776045516726e-02       1.252557419319e+04 
       2.789962848899e-02       1.248379907349e+04 
       2.803902874191e-02       1.244217872485e+04 
       2.817866116432e-02       1.239995789402e+04 
       2.831853113357e-02       1.235783358030e+04 
       2.845864417041e-02       1.231578213240e+04 
       2.859900594353e-02       1.227309086491e+04 
       2.873962227420e-02       1.223056863349e+04 
       2.888049914118e-02       1.218789990508e+04 
       2.902164268576e-02       1.214510105374e+04 
       2.916305921703e-02       1.210228251802e+04 
       2.930475521734e-02       1.205916721690e+04 
       2.944673734804e-02       1.201606885179e+04 
       2.958901245535e-02       1.197286408076e+04 
       2.973158757658e-02       1.192954001286e+04 
       2.987446994652e-02       1.188633324696e+04 
       3.001766700418e-02       1.184261519452e+04 
       3.016118639972e-02       1.179908623758e+04 
       3.030503600178e-02       1.175545464770e+04 
       3.044922390502e-02       1.171172846295e+04 
       3.059375843807e-02       1.166792993117e+04 
       3.073864817176e-02       1.162404416648e+04 
       3.088390192779e-02       1.158037406023e+04 
       3.102952878768e-02       1.153620632643e+04 
       3.117553810225e-02       1.149218655911e+04 
       3.132193950140e-02       1.144814801142e+04 
       3.146874290441e-02       1.140420571877e+04 
       3.161595853073e-02       1.136001236335e+04 
       3.176359691120e-02       1.131579764255e+04 
       3.191166889985e-02       1.127138112315e+04 
       3.206018568627e-02       1.122712971632e+04 
       3.220915880849e-02       1.118297433560e+04 
       3.235860016661e-02       1.113862429493e+04 
       3.250852203697e-02       1.109427896859e+04 
       3.265893708706e-02       1.104991934382e+04 
       3.280985839123e-02       1.100564556346e+04 
       3.296129944711e-02       1.096118849882e+04 
       3.311327419288e-02       1.091677072117e+04 
       3.326579702544e-02       1.087253006930e+04 
       3.341888281952e-02       1.082803845988e+04 
       3.357254694779e-02       1.078363315233e+04 
       3.372680530199e-02       1.073920486661e+04 
       3.388167431526e-02       1.069475111046e+04 
       3.403717098562e-02       1.065031836160e+04 
       3.419331290073e-02       1.060589691864e+04 
       3.435011826405e-02       1.056161142394e+04 
       3.450760592243e-02       1.051715517831e+04 
       3.466579539525e-02       1.047266311416e+04 
       3.482470690522e-02       1.042846840381e+04 
       3.498436141102e-02       1.038397605008e+04 
       3.514478064168e-02       1.033964061035e+04 
       3.530598713320e-02       1.029537067867e+04 
       3.546800426716e-02       1.025104690719e+04 
       3.563085631176e-02       1.020676027819e+04 
       3.579456846537e-02       1.016247822639e+04 
       3.595916690270e-02       1.011820456781e+04 
       3.612467882395e-02       1.007396504151e+04 
       3.629113250695e-02       1.002976666578e+04 
       3.645855736277e-02       9.985581696422e+03 
       3.662698399483e-02       9.941393223208e+03 
       3.679644426196e-02       9.897289805021e+03 
       3.696697134564e-02       9.853184203946e+03 
       3.713859982174e-02       9.809102951639e+03 
       3.731136573720e-02       9.764973634735e+03 
       3.748530669201e-02       9.721121766055e+03 
       3.766046192691e-02       9.676911494793e+03 
       3.783687241735e-02       9.632858788160e+03 
       3.801458097423e-02       9.588858730076e+03 
       3.819363235199e-02       9.544852559684e+03 
       3.837407336470e-02       9.500946204511e+03 
       3.855595301090e-02       9.457164902389e+03 
       3.873932260798e-02       9.413092841447e+03 
       3.892423593692e-02       9.369202479287e+03 
       3.911074939843e-02       9.325341865339e+03 
       3.929892218156e-02       9.281370558332e+03 
       3.948881644593e-02       9.237527641638e+03 
       3.968049751901e-02       9.193653087521e+03 
       3.987403410981e-02       9.149780180283e+03 
       4.006949854080e-02       9.105972067786e+03 
       4.026696699980e-02       9.062072737013e+03 
       4.046651981397e-02       9.018216723621e+03 
       4.066824174824e-02       8.974322331353e+03 
       4.087222233088e-02       8.930495049005e+03 
       4.107855620902e-02       8.886601246733e+03 
       4.128734353767e-02       8.842565264996e+03 
       4.149869040587e-02       8.798676255518e+03 
       4.171270930433e-02       8.754665017283e+03 
       4.192951963951e-02       8.710690377780e+03 
       4.214924829956e-02       8.666700880625e+03 
       4.237203027853e-02       8.622552579019e+03 
       4.259800936617e-02       8.578490207392e+03 
       4.282733891146e-02       8.534305633952e+03 
       4.306018266955e-02       8.490073955844e+03 
       4.329671574311e-02       8.445790927921e+03 
       4.353712563067e-02       8.401493222125e+03 
       4.378161339674e-02       8.357055437382e+03 
       4.403039498090e-02       8.312401826399e+03 
       4.428370266542e-02       8.267704995714e+03 
       4.454178672511e-02       8.222907322347e+03 
       4.480491728619e-02       8.177971793030e+03 
       4.507338642648e-02       8.132937154004e+03 
       4.534751055460e-02       8.087747211992e+03 
       4.562763311281e-02       8.042405334693e+03 
       4.591412765656e-02       7.996899652465e+03 
       4.620740137416e-02       7.951076746703e+03 
       4.650789912206e-02       7.905168653578e+03 
       4.681610806681e-02       7.859170983583e+03 
       4.713256304325e-02       7.812749665986e+03 
       4.745785276177e-02       7.765963331810e+03 
       4.779262702589e-02       7.719024262191e+03 
       4.813760515749e-02       7.671661365208e+03 
       4.849358587116e-02       7.623938315596e+03 
       4.886145889551e-02       7.575855086823e+03 
       4.924221870971e-02       7.527374821865e+03 
       4.963698085278e-02       7.478332705582e+03 
       5.004700137647e-02       7.428977103654e+03 
       5.047370015656e-02       7.378739041888e+03 
       5.091868896123e-02       7.328048061988e+03 
       5.138380540906e-02       7.276556563475e+03 
       5.187115424708e-02       7.224331366881e+03 
       5.238315775705e-02       7.171149708598e+03 
       5.292261757128e-02       7.117026673332e+03 
       5.349279076425e-02       7.061785124998e+03 
       5.409748378617e-02       7.005200595194e+03 
       5.474116859746e-02       6.946952242244e+03 
       5.542912616527e-02       6.887046235113e+03 
       5.616762307707e-02       6.825236953149e+03 
       5.696412692793e-02       6.760650076841e+03 
       5.782756434085e-02       6.693302005915e+03 
       5.876861999985e-02       6.622167918750e+03 
       5.980006221617e-02       6.546737440442e+03 
       6.093705389683e-02       6.465150727440e+03 
       6.219735751136e-02       6.376366068633e+03 
       6.360125735279e-02       6.278464248754e+03 
       6.517089963672e-02       6.168079620939e+03 
       6.692862829230e-02       6.042001854699e+03 
       6.889390711157e-02       5.896104817033e+03 
       7.107883611293e-02       5.726094257229e+03 
       7.348331590416e-02       5.528503494389e+03 
       7.609218235590e-02       5.302453696213e+03 
       7.887668311828e-02       5.050208427461e+03 
       8.180038549950e-02       4.778240371303e+03 
       8.482661640111e-02       4.496114454994e+03 
       8.792396376094e-02       4.215112732210e+03 
       9.106846495333e-02       3.945892470097e+03 
       9.424325933782e-02       3.697174213281e+03 
       9.743711044576e-02       3.475197100420e+03 
       1.006427897517e-01       3.283263008229e+03 
       1.038557500762e-01       3.121788235062e+03 
       1.070731705968e-01       2.989013485780e+03 
       1.102933163484e-01       2.881264700250e+03 
       1.135151257316e-01       2.793658158290e+03 
       1.167379511369e-01       2.720600716543e+03 
       1.199613981580e-01       2.656284521569e+03 
       1.231852267699e-01       2.595150297519e+03 
       1.264092909040e-01       2.532516947373e+03 
       1.296335016157e-01       2.464881237152e+03 
       1.328578046745e-01       2.390299624715e+03 
       1.360821669430e-01       2.307929482957e+03 
       1.393065681049e-01       2.218596883199e+03 
       1.425309956405e-01       2.124336167033e+03 
       1.457554417770e-01       2.027680133144e+03 
       1.489799016358e-01       1.931634184490e+03 
       1.522043721075e-01       1.839004566623e+03 
       1.554288511676e-01       1.752351957679e+03 
       1.586533374610e-01       1.673545674387e+03 
       1.618778300479e-01       1.603718158734e+03 
       1.651023282500e-01       1.543276849563e+03 
       1.683268315550e-01       1.491983106806e+03 
       1.715513395590e-01       1.448907418263e+03 
       1.747758519307e-01       1.412669587666e+03 
       1.780003683886e-01       1.381697343948e+03 
       1.812248886871e-01       1.354191319499e+03 
       1.844494126074e-01       1.328638684140e+03 
       1.876739399519e-01       1.303383549536e+03 
       1.908984705398e-01       1.276954892792e+03 
       1.941230042048e-01       1.248420523972e+03 
       1.973475407926e-01       1.217306902406e+03 
       2.005720801598e-01       1.183552044805e+03 
       2.037966221727e-01       1.147615162230e+03 
       2.070211667063e-01       1.110209556639e+03 
       2.102457136433e-01       1.072316143166e+03 
       2.134702628740e-01       1.034874416252e+03 
       2.166948142950e-01       9.987247018495e+02 
       2.199193678092e-01       9.645900466662e+02 
       2.231439233252e-01       9.330082624113e+02 
       2.263684807568e-01       9.042657381258e+02 
       2.295930400227e-01       8.785420942134e+02 
       2.328176010462e-01       8.557308187615e+02 
       2.360421637547e-01       8.356407360440e+02 
       2.392667280798e-01       8.178328584490e+02 
       2.424912939564e-01       8.018731268442e+02 
       2.457158613230e-01       7.871432853473e+02 
       2.489404301215e-01       7.730986208602e+02 
       2.521650002964e-01       7.592545164682e+02 
       2.553895717954e-01       7.451308635014e+02 
       2.586141445687e-01       7.305219409606e+02 
       2.618387185688e-01       7.152732821379e+02 
       2.650632937507e-01       6.993530859786e+02 
       2.682878700715e-01       6.828430113771e+02 
       2.715124474905e-01       6.659171910584e+02 
       2.747370259687e-01       6.487956893893e+02 
       2.779616054690e-01       6.318073219208e+02 
       2.811861859562e-01       6.151867026586e+02 
       2.844107673964e-01       5.992052752751e+02 
       2.876353497573e-01       5.841336950903e+02 
       2.908599330083e-01       5.700611883215e+02 
       2.940845171199e-01       5.570691931048e+02 
       2.973091020639e-01       5.451182738748e+02 
       3.005336878134e-01       5.341346405383e+02 
       3.037582743426e-01       5.239853049166e+02 
       3.069828616268e-01       5.144844881251e+02 
       3.102074496423e-01       5.055253690908e+02 
       3.134320383665e-01       4.969335564892e+02 
       3.166566277775e-01       4.885069276872e+02 
       3.198812178546e-01       4.801503759961e+02 
       3.231058085777e-01       4.717535652467e+02 
       3.263303999274e-01       4.632088273076e+02 
       3.295549918854e-01       4.545452958278e+02 
       3.327795844339e-01       4.457310489507e+02 
       3.360041775558e-01       4.368601818242e+02 
       3.392287712347e-01       4.280051442742e+02 
       3.424533654547e-01       4.192164957478e+02 
       3.456779602007e-01       4.106096133561e+02 
       3.489025554579e-01       4.022371996837e+02 
       3.521271512124e-01       3.941715244575e+02 
       3.553517474504e-01       3.864341617525e+02 
       3.585763441589e-01       3.791016304122e+02 
       3.618009413253e-01       3.721387317445e+02 
       3.650255389373e-01       3.655424217034e+02 
       3.682501369833e-01       3.593103982276e+02 
       3.714747354517e-01       3.533782981409e+02 
       3.746993343318e-01       3.476702615451e+02 
       3.779239336129e-01       3.421511861615e+02 
       3.811485332848e-01       3.367508636391e+02 
       3.843731333377e-01       3.314325176328e+02 
       3.875977337618e-01       3.261678843368e+02 
       3.908223345482e-01       3.209238762435e+02 
       3.940469356877e-01       3.157252320975e+02 
       3.972715371719e-01       3.105257765714e+02 
       4.004961389923e-01       3.053691400020e+02 
       4.037207411408e-01       3.002245680321e+02 
       4.069453436096e-01       2.951641520048e+02 
       4.101699463911e-01       2.901635596550e+02 
       4.133945494780e-01       2.852765583951e+02 
       4.166191528632e-01       2.805237170391e+02 
       4.198437565397e-01       2.759059562938e+02 
       4.230683605009e-01       2.714324503347e+02 
       4.262929647403e-01       2.671117229107e+02 
       4.295175692515e-01       2.629352833799e+02 
       4.327421740286e-01       2.588971566842e+02 
       4.359667790656e-01       2.549895307510e+02 
       4.391913843566e-01       2.512076693004e+02 
       4.424159898963e-01       2.475314917087e+02 
       4.456405956791e-01       2.439501580140e+02 
       4.488652016997e-01       2.404464007559e+02 
       4.520898079532e-01       2.370047353153e+02 
       4.553144144344e-01       2.336032956500e+02 
       4.585390211386e-01       2.302503588369e+02 
       4.617636280612e-01       2.269333581157e+02 
       4.649882351975e-01       2.236531318297e+02 
       4.682128425430e-01       2.204128092948e+02 
       4.714374500936e-01       2.172151864823e+02 
       4.899200001301e-01       1.999275849270e+02 
       5.097410173835e-01       1.838702410817e+02 
       5.311537181542e-01       1.686027368280e+02 
       5.544973635151e-01       1.536274880370e+02 
       5.802401039192e-01       1.393215005772e+02 
       6.090512497848e-01       1.254384780936e+02 
       6.419298428288e-01       1.118027511481e+02 
       6.804481939881e-01       9.836875211038e+01 
       7.272480417244e-01       8.489134504497e+01 
       7.871348918974e-01       7.114001459926e+01 
       8.696530265854e-01       5.681486993643e+01 
       9.948228955579e-01       4.180129392128e+01 
       1.197848188681e+00       2.718508555967e+01 
       1.497857201139e+00       1.605123710838e+01 
