# Matter power spectrum P(k) at redshift z=10
# for k=1.04684e-05 to 1.49786 h/Mpc,
# number of wavenumbers equal to 525
#    1:k (h/Mpc)              2:P (Mpc/h)^3        
       1.046838254073e-05       6.292995485298e-01 
       2.339239294690e-05       1.368341946656e+00 
       3.636211258110e-05       2.095368735676e+00 
       4.941267169675e-05       2.817871363254e+00 
       6.257978506766e-05       3.540176247219e+00 
       7.590007257106e-05       4.265565485143e+00 
       8.941139008165e-05       4.996872396576e+00 
       1.031531751052e-04       5.736726452309e+00 
       1.171668116135e-04       6.487679662317e+00 
       1.314960185763e-04       7.252283888978e+00 
       1.461872666915e-04       8.033145242872e+00 
       1.612902277501e-04       8.832967039980e+00 
       1.768582608843e-04       9.654586971798e+00 
       1.929489395610e-04       1.050101150523e+01 
       2.096246224918e-04       1.137544923298e+01 
       2.269530705071e-04       1.228134409924e+01 
       2.450081096992e-04       1.322240906701e+01 
       2.638703385590e-04       1.420266027845e+01 
       2.836278731210e-04       1.522645158821e+01 
       3.043771189505e-04       1.629850879216e+01 
       3.262235517688e-04       1.742396259299e+01 
       3.492824791840e-04       1.860837875188e+01 
       3.736797440101e-04       1.985778313882e+01 
       3.995523147497e-04       2.117867880600e+01 
       4.270486910436e-04       2.257805108750e+01 
       4.563290318473e-04       2.406335584179e+01 
       4.875648932553e-04       2.564248501007e+01 
       5.209384440046e-04       2.732370282355e+01 
       5.566410141291e-04       2.911554539130e+01 
       5.948708322125e-04       3.102667715619e+01 
       6.358298269272e-04       3.306569870476e+01 
       6.797194172148e-04       3.524090387363e+01 
       7.267352989175e-04       3.755998836125e+01 
       7.770613550747e-04       4.002971941403e+01 
       8.308629645091e-04       4.265558358536e+01 
       8.882801386995e-04       4.544143745043e+01 
       9.494210483803e-04       4.838919313802e+01 
       1.014356570580e-03       5.149857259929e+01 
       1.083116460410e-03       5.476696169208e+01 
       1.155687614839e-03       5.818938742036e+01 
       1.232014661873e-03       6.175862641303e+01 
       1.312002821567e-03       6.546543759340e+01 
       1.395522706726e-03       6.929855752688e+01 
       1.482416520757e-03       7.324588826219e+01 
       1.572505006192e-03       7.729455253379e+01 
       1.665594506830e-03       8.143106239012e+01 
       1.761483607374e-03       8.564189424710e+01 
       1.859968968452e-03       8.991381751421e+01 
       1.960850141653e-03       9.423415332524e+01 
       2.063933297594e-03       9.859097164060e+01 
       2.169033912537e-03       1.029732050081e+02 
       2.275978531207e-03       1.073707192450e+02 
       2.384605759394e-03       1.117743366247e+02 
       2.494766648282e-03       1.161758072988e+02 
       2.606324622691e-03       1.205677749292e+02 
       2.719155085692e-03       1.249437132164e+02 
       2.833144808513e-03       1.292978613363e+02 
       2.948191191127e-03       1.336251381215e+02 
       3.064201457834e-03       1.379211051869e+02 
       3.181091834265e-03       1.421818489728e+02 
       3.298786737969e-03       1.464039703477e+02 
       3.417218003632e-03       1.505845179705e+02 
       3.536324155751e-03       1.547208804253e+02 
       3.656049735545e-03       1.588108502853e+02 
       3.776344684708e-03       1.628525043676e+02 
       3.897163785761e-03       1.668442164316e+02 
       4.018466156887e-03       1.707845905181e+02 
       4.140214798067e-03       1.746724468467e+02 
       4.262376184676e-03       1.785068645922e+02 
       4.384919904513e-03       1.822870284902e+02 
       4.507818334176e-03       1.860123643498e+02 
       4.631046350859e-03       1.896823241420e+02 
       4.754581075876e-03       1.932966072712e+02 
       4.878401646475e-03       1.968550513281e+02 
       5.002489012830e-03       2.003574481336e+02 
       5.126825757376e-03       2.038037232887e+02 
       5.251395933948e-03       2.071939169358e+02 
       5.376184924470e-03       2.105281064712e+02 
       5.501179311156e-03       2.138064951582e+02 
       5.626366762470e-03       2.170291911769e+02 
       5.751735931236e-03       2.201964562761e+02 
       5.877276363516e-03       2.233085533993e+02 
       6.002978417038e-03       2.263658058095e+02 
       6.128833188064e-03       2.293684897953e+02 
       6.254832445767e-03       2.323170375055e+02 
       6.380968573268e-03       2.352117222578e+02 
       6.507234514587e-03       2.380530046377e+02 
       6.633623726859e-03       2.408412925739e+02 
       6.760130137242e-03       2.435769924903e+02 
       6.886748104005e-03       2.462606113148e+02 
       7.013472381345e-03       2.488925636861e+02 
       7.140298087538e-03       2.514732639467e+02 
       7.267220676083e-03       2.540032761837e+02 
       7.394235909504e-03       2.564830063899e+02 
       7.521339835562e-03       2.589129836711e+02 
       7.648528765610e-03       2.612936987718e+02 
       7.775799254893e-03       2.636257239852e+02 
       7.903148084580e-03       2.659093713958e+02 
       8.030572245374e-03       2.681451814031e+02 
       8.158068922532e-03       2.703336274305e+02 
       8.285635482171e-03       2.724753573455e+02 
       8.413269458728e-03       2.745706870663e+02 
       8.540968543466e-03       2.766201250030e+02 
       8.668730573937e-03       2.786243008960e+02 
       8.796553524298e-03       2.805836517698e+02 
       8.924435496422e-03       2.824984810848e+02 
       9.052374711707e-03       2.843694302231e+02 
       9.180369503552e-03       2.861968838550e+02 
       9.308418310408e-03       2.879814832664e+02 
       9.436519669376e-03       2.897236014166e+02 
       9.564672210306e-03       2.914236944037e+02 
       9.692874650330e-03       2.930822866675e+02 
       9.821125788825e-03       2.946997668808e+02 
       9.949424502743e-03       2.962766617408e+02 
       1.007776974230e-02       2.978132474421e+02 
       1.020616052695e-02       2.993103676381e+02 
       1.033459594173e-02       3.007680126412e+02 
       1.046307513378e-02       3.021869123737e+02 
       1.059159730915e-02       3.035674104080e+02 
       1.072016172989e-02       3.049100022763e+02 
       1.084876771125e-02       3.062150949892e+02 
       1.097741461915e-02       3.074830650371e+02 
       1.110610186783e-02       3.087143598129e+02 
       1.123482891760e-02       3.099095054885e+02 
       1.136359527282e-02       3.110688405728e+02 
       1.149240047999e-02       3.121925802617e+02 
       1.162124412597e-02       3.132815549191e+02 
       1.175012583636e-02       3.143358277157e+02 
       1.187904527390e-02       3.153559974677e+02 
       1.200800213714e-02       3.163422614310e+02 
       1.213699615901e-02       3.172952502691e+02 
       1.226602710567e-02       3.182151824070e+02 
       1.239509477532e-02       3.191025123881e+02 
       1.252419899714e-02       3.199576379690e+02 
       1.265333963033e-02       3.207809189168e+02 
       1.278251656313e-02       3.215727015305e+02 
       1.291172971205e-02       3.223334975656e+02 
       1.304097902102e-02       3.230633801161e+02 
       1.317026446067e-02       3.237631224946e+02 
       1.329958602771e-02       3.244327114359e+02 
       1.342894374422e-02       3.250727890033e+02 
       1.355833765715e-02       3.256835666015e+02 
       1.368776783776e-02       3.262655000087e+02 
       1.381723438115e-02       3.268187482117e+02 
       1.394673740582e-02       3.273439591481e+02 
       1.407627705326e-02       3.278411489239e+02 
       1.420585348759e-02       3.283108546803e+02 
       1.433546689523e-02       3.287535430366e+02 
       1.446511748463e-02       3.291692806391e+02 
       1.459480548595e-02       3.295584382126e+02 
       1.472453115090e-02       3.299215136689e+02 
       1.485429475248e-02       3.302624334186e+02 
       1.498409658484e-02       3.305753014705e+02 
       1.511393696312e-02       3.308620842412e+02 
       1.524381622332e-02       3.311237163494e+02 
       1.537373472222e-02       3.313609672014e+02 
       1.550369283729e-02       3.315737564671e+02 
       1.563369096668e-02       3.317628806522e+02 
       1.576372952911e-02       3.319281739333e+02 
       1.589380896397e-02       3.320703242892e+02 
       1.602392973125e-02       3.321896301786e+02 
       1.615409231161e-02       3.322859230023e+02 
       1.628429720645e-02       3.323600505433e+02 
       1.641454493795e-02       3.324121667813e+02 
       1.654483604919e-02       3.324423894835e+02 
       1.667517110425e-02       3.324512824692e+02 
       1.680555068835e-02       3.324389124154e+02 
       1.693597540797e-02       3.324055286851e+02 
       1.706644589107e-02       3.323517633763e+02 
       1.719696278722e-02       3.322774501213e+02 
       1.732752676783e-02       3.321832343335e+02 
       1.745813852635e-02       3.320694121360e+02 
       1.758879877852e-02       3.319359756210e+02 
       1.771950826263e-02       3.317835994755e+02 
       1.785026773973e-02       3.316119848962e+02 
       1.798107799400e-02       3.314220113189e+02 
       1.811193983298e-02       3.312133449846e+02 
       1.824285408792e-02       3.309868716193e+02 
       1.837382161413e-02       3.307428464420e+02 
       1.850484329127e-02       3.304807025329e+02 
       1.863592002380e-02       3.302013644936e+02 
       1.876705274130e-02       3.299051519725e+02 
       1.889824239889e-02       3.295922598906e+02 
       1.902948997766e-02       3.292627726113e+02 
       1.916079648512e-02       3.289170724069e+02 
       1.929216295559e-02       3.285552552977e+02 
       1.942359045077e-02       3.281780752974e+02 
       1.955508006012e-02       3.277847013569e+02 
       1.968663290148e-02       3.273764829550e+02 
       1.981825012149e-02       3.269531618811e+02 
       1.994993289621e-02       3.265152227343e+02 
       2.008168243169e-02       3.260629589653e+02 
       2.021349996447e-02       3.255963201579e+02 
       2.034538676230e-02       3.251155119773e+02 
       2.047734412467e-02       3.246209546328e+02 
       2.060937338351e-02       3.241127409873e+02 
       2.074147590386e-02       3.235912148581e+02 
       2.087365308451e-02       3.230574397564e+02 
       2.100590635878e-02       3.225096862299e+02 
       2.113823719520e-02       3.219495114509e+02 
       2.127064709831e-02       3.213770723976e+02 
       2.140313760942e-02       3.207924775515e+02 
       2.153571030742e-02       3.201962172770e+02 
       2.166836680964e-02       3.195876474209e+02 
       2.180110877266e-02       3.189673138626e+02 
       2.193393789327e-02       3.183365617917e+02 
       2.206685590930e-02       3.176947019027e+02 
       2.219986460063e-02       3.170416237370e+02 
       2.233296579017e-02       3.163782069219e+02 
       2.246616134478e-02       3.157042021944e+02 
       2.259945317641e-02       3.150196009206e+02 
       2.273284324311e-02       3.143252907386e+02 
       2.286633355014e-02       3.136206832164e+02 
       2.299992615110e-02       3.129068091872e+02 
       2.313362314912e-02       3.121831858250e+02 
       2.326742669807e-02       3.114505684092e+02 
       2.340133900379e-02       3.107092353259e+02 
       2.353536232536e-02       3.099592853574e+02 
       2.366949897648e-02       3.091997229539e+02 
       2.380375132678e-02       3.084318287512e+02 
       2.393812180328e-02       3.076559485057e+02 
       2.407261289180e-02       3.068717311015e+02 
       2.420722713852e-02       3.060796704907e+02 
       2.434196715146e-02       3.052804398972e+02 
       2.447683560216e-02       3.044734029645e+02 
       2.461183522726e-02       3.036582795788e+02 
       2.474696883025e-02       3.028365513154e+02 
       2.488223928324e-02       3.020082672411e+02 
       2.501764952876e-02       3.011718872282e+02 
       2.515320258161e-02       3.003294311299e+02 
       2.528890153088e-02       2.994810129519e+02 
       2.542474954189e-02       2.986265212026e+02 
       2.556074985830e-02       2.977647720895e+02 
       2.569690580423e-02       2.968968814737e+02 
       2.583322078649e-02       2.960240899105e+02 
       2.596969829688e-02       2.951449897920e+02 
       2.610634191455e-02       2.942609117259e+02 
       2.624315530844e-02       2.933707585153e+02 
       2.638014223984e-02       2.924757189051e+02 
       2.651730656499e-02       2.915760477869e+02 
       2.665465223784e-02       2.906715742307e+02 
       2.679218331281e-02       2.897608598039e+02 
       2.692990394772e-02       2.888461420097e+02 
       2.706781840682e-02       2.879277270620e+02 
       2.720593106394e-02       2.870043268251e+02 
       2.734424640564e-02       2.860772224748e+02 
       2.748276903465e-02       2.851454239958e+02 
       2.762150367334e-02       2.842094820887e+02 
       2.776045516726e-02       2.832709815951e+02 
       2.789962848899e-02       2.823274021499e+02 
       2.803902874191e-02       2.813813746493e+02 
       2.817866116432e-02       2.804314565240e+02 
       2.831853113357e-02       2.794784789287e+02 
       2.845864417041e-02       2.785219494898e+02 
       2.859900594353e-02       2.775621105772e+02 
       2.873962227420e-02       2.766001976777e+02 
       2.888049914118e-02       2.756354558730e+02 
       2.902164268576e-02       2.746672721665e+02 
       2.916305921703e-02       2.736969720063e+02 
       2.930475521734e-02       2.727240637215e+02 
       2.944673734804e-02       2.717488374615e+02 
       2.958901245535e-02       2.707715689593e+02 
       2.973158757658e-02       2.697919728392e+02 
       2.987446994652e-02       2.688104114678e+02 
       3.001766700418e-02       2.678268002118e+02 
       3.016118639972e-02       2.668421070776e+02 
       3.030503600178e-02       2.658549519444e+02 
       3.044922390502e-02       2.648662442391e+02 
       3.059375843807e-02       2.638757140685e+02 
       3.073864817176e-02       2.628842255278e+02 
       3.088390192779e-02       2.618912841607e+02 
       3.102952878768e-02       2.608968279390e+02 
       3.117553810225e-02       2.599012938046e+02 
       3.132193950140e-02       2.589051799809e+02 
       3.146874290441e-02       2.579073652605e+02 
       3.161595853073e-02       2.569094050902e+02 
       3.176359691120e-02       2.559094755815e+02 
       3.191166889985e-02       2.549093047759e+02 
       3.206018568627e-02       2.539081265465e+02 
       3.220915880849e-02       2.529070162170e+02 
       3.235860016661e-02       2.519054837340e+02 
       3.250852203697e-02       2.509024576530e+02 
       3.265893708706e-02       2.498992744036e+02 
       3.280985839123e-02       2.488958655286e+02 
       3.296129944711e-02       2.478927829387e+02 
       3.311327419288e-02       2.468886803864e+02 
       3.326579702544e-02       2.458842866573e+02 
       3.341888281952e-02       2.448796902537e+02 
       3.357254694779e-02       2.438757288188e+02 
       3.372680530199e-02       2.428713413349e+02 
       3.388167431526e-02       2.418674478829e+02 
       3.403717098562e-02       2.408621964632e+02 
       3.419331290073e-02       2.398582576102e+02 
       3.435011826405e-02       2.388544943249e+02 
       3.450760592243e-02       2.378504162575e+02 
       3.466579539525e-02       2.368464366708e+02 
       3.482470690522e-02       2.358430610999e+02 
       3.498436141102e-02       2.348405096713e+02 
       3.514478064168e-02       2.338377702440e+02 
       3.530598713320e-02       2.328348920280e+02 
       3.546800426716e-02       2.318330825697e+02 
       3.563085631176e-02       2.308318788135e+02 
       3.579456846537e-02       2.298304167871e+02 
       3.595916690270e-02       2.288292769935e+02 
       3.612467882395e-02       2.278289136150e+02 
       3.629113250695e-02       2.268293081793e+02 
       3.645855736277e-02       2.258297868422e+02 
       3.662698399483e-02       2.248305384217e+02 
       3.679644426196e-02       2.238324795639e+02 
       3.696697134564e-02       2.228355259652e+02 
       3.713859982174e-02       2.218372978506e+02 
       3.731136573720e-02       2.208407966028e+02 
       3.748530669201e-02       2.198441555137e+02 
       3.766046192691e-02       2.188484735966e+02 
       3.783687241735e-02       2.178530397742e+02 
       3.801458097423e-02       2.168584013621e+02 
       3.819363235199e-02       2.158627491331e+02 
       3.837407336470e-02       2.148693334214e+02 
       3.855595301090e-02       2.138762525452e+02 
       3.873932260798e-02       2.128822881571e+02 
       3.892423593692e-02       2.118894408045e+02 
       3.911074939843e-02       2.108967097711e+02 
       3.929892218156e-02       2.099045209225e+02 
       3.948881644593e-02       2.089119849029e+02 
       3.968049751901e-02       2.079198149038e+02 
       3.987403410981e-02       2.069275266449e+02 
       4.006949854080e-02       2.059359795211e+02 
       4.026696699980e-02       2.049441521885e+02 
       4.046651981397e-02       2.039519217560e+02 
       4.066824174824e-02       2.029596175844e+02 
       4.087222233088e-02       2.019670436141e+02 
       4.107855620902e-02       2.009745637328e+02 
       4.128734353767e-02       1.999815173757e+02 
       4.149869040587e-02       1.989877292616e+02 
       4.171270930433e-02       1.979937682877e+02 
       4.192951963951e-02       1.969988248446e+02 
       4.214924829956e-02       1.960035824453e+02 
       4.237203027853e-02       1.950057521552e+02 
       4.259800936617e-02       1.940085152658e+02 
       4.282733891146e-02       1.930093322121e+02 
       4.306018266955e-02       1.920089729717e+02 
       4.329671574311e-02       1.910075546587e+02 
       4.353712563067e-02       1.900033124461e+02 
       4.378161339674e-02       1.889978546780e+02 
       4.403039498090e-02       1.879906146428e+02 
       4.428370266542e-02       1.869798522981e+02 
       4.454178672511e-02       1.859674961875e+02 
       4.480491728619e-02       1.849518899720e+02 
       4.507338642648e-02       1.839335430654e+02 
       4.534751055460e-02       1.829109665661e+02 
       4.562763311281e-02       1.818855015735e+02 
       4.591412765656e-02       1.808559018868e+02 
       4.620740137416e-02       1.798213772889e+02 
       4.650789912206e-02       1.787830392322e+02 
       4.681610806681e-02       1.777387997646e+02 
       4.713256304325e-02       1.766894866795e+02 
       4.745785276177e-02       1.756331132740e+02 
       4.779262702589e-02       1.745700452650e+02 
       4.813760515749e-02       1.734999455556e+02 
       4.849358587116e-02       1.724209650419e+02 
       4.886145889551e-02       1.713339380419e+02 
       4.924221870971e-02       1.702368933141e+02 
       4.963698085278e-02       1.691287557047e+02 
       5.004700137647e-02       1.680089679833e+02 
       5.047370015656e-02       1.668763784766e+02 
       5.091868896123e-02       1.657293464010e+02 
       5.138380540906e-02       1.645662023994e+02 
       5.187115424708e-02       1.633847211086e+02 
       5.238315775705e-02       1.621835029150e+02 
       5.292261757128e-02       1.609589706136e+02 
       5.349279076425e-02       1.597086267508e+02 
       5.409748378617e-02       1.584282425528e+02 
       5.474116859746e-02       1.571141923799e+02 
       5.542912616527e-02       1.557601482148e+02 
       5.616762307707e-02       1.543590179839e+02 
       5.696412692793e-02       1.529013297909e+02 
       5.782756434085e-02       1.513762234087e+02 
       5.876861999985e-02       1.497680453750e+02 
       5.980006221617e-02       1.480567887460e+02 
       6.093705389683e-02       1.462158347806e+02 
       6.219735751136e-02       1.442090883485e+02 
       6.360125735279e-02       1.419893633655e+02 
       6.517089963672e-02       1.394934291295e+02 
       6.692862829230e-02       1.366419639386e+02 
       6.889390711157e-02       1.333420776053e+02 
       7.107883611293e-02       1.294972899605e+02 
       7.348331590416e-02       1.250307334007e+02 
       7.609218235590e-02       1.199171301478e+02 
       7.887668311828e-02       1.142120607342e+02 
       8.180038549950e-02       1.080620979034e+02 
       8.482661640111e-02       1.016844304222e+02 
       8.792396376094e-02       9.533004986968e+01 
       9.106846495333e-02       8.924044127853e+01 
       9.424325933782e-02       8.361564840238e+01 
       9.743711044576e-02       7.859610517970e+01 
       1.006427897517e-01       7.425388639564e+01 
       1.038557500762e-01       7.060234875629e+01 
       1.070731705968e-01       6.759919880815e+01 
       1.102933163484e-01       6.516271736648e+01 
       1.135151257316e-01       6.318157194234e+01 
       1.167379511369e-01       6.152916450568e+01 
       1.199613981580e-01       6.007356223257e+01 
       1.231852267699e-01       5.869095675540e+01 
       1.264092909040e-01       5.727520586069e+01 
       1.296335016157e-01       5.574650777796e+01 
       1.328578046745e-01       5.405752746850e+01 
       1.360821669430e-01       5.219471095382e+01 
       1.393065681049e-01       5.017587683076e+01 
       1.425309956405e-01       4.804386400595e+01 
       1.457554417770e-01       4.585826402690e+01 
       1.489799016358e-01       4.368570865004e+01 
       1.522043721075e-01       4.159136545442e+01 
       1.554288511676e-01       3.963113572312e+01 
       1.586533374610e-01       3.784852188921e+01 
       1.618778300479e-01       3.626957435141e+01 
       1.651023282500e-01       3.490283256398e+01 
       1.683268315550e-01       3.374205138649e+01 
       1.715513395590e-01       3.276771809187e+01 
       1.747758519307e-01       3.194881908006e+01 
       1.780003683886e-01       3.124844698195e+01 
       1.812248886871e-01       3.062667454819e+01 
       1.844494126074e-01       3.004826274215e+01 
       1.876739399519e-01       2.947731357867e+01 
       1.908984705398e-01       2.887971379914e+01 
       1.941230042048e-01       2.823423360768e+01 
       1.973475407926e-01       2.752978735373e+01 
       2.005720801598e-01       2.676642911593e+01 
       2.037966221727e-01       2.595366990057e+01 
       2.070211667063e-01       2.510850702002e+01 
       2.102457136433e-01       2.425151961984e+01 
       2.134702628740e-01       2.340477263997e+01 
       2.166948142950e-01       2.258741231417e+01 
       2.199193678092e-01       2.181522393759e+01 
       2.231439233252e-01       2.110060161985e+01 
       2.263684807568e-01       2.045079139921e+01 
       2.295930400227e-01       1.986859776370e+01 
       2.328176010462e-01       1.935317024361e+01 
       2.360421637547e-01       1.889831086329e+01 
       2.392667280798e-01       1.849615036481e+01 
       2.424912939564e-01       1.813509261715e+01 
       2.457158613230e-01       1.780206541798e+01 
       2.489404301215e-01       1.748437848124e+01 
       2.521650002964e-01       1.717081043434e+01 
       2.553895717954e-01       1.685188709695e+01 
       2.586141445687e-01       1.652151808642e+01 
       2.618387185688e-01       1.617663355916e+01 
       2.650632937507e-01       1.581658811567e+01 
       2.682878700715e-01       1.544317600900e+01 
       2.715124474905e-01       1.506028528478e+01 
       2.747370259687e-01       1.467317079355e+01 
       2.779616054690e-01       1.428854020348e+01 
       2.811861859562e-01       1.391266040285e+01 
       2.844107673964e-01       1.355177603014e+01 
       2.876353497573e-01       1.321072045830e+01 
       2.908599330083e-01       1.289261494174e+01 
       2.940845171199e-01       1.259858478766e+01 
       2.973091020639e-01       1.232844318335e+01 
       3.005336878134e-01       1.207987100410e+01 
       3.037582743426e-01       1.185010447430e+01 
       3.069828616268e-01       1.163571657169e+01 
       3.102074496423e-01       1.143302739191e+01 
       3.134320383665e-01       1.123832207328e+01 
       3.166566277775e-01       1.104803913090e+01 
       3.198812178546e-01       1.085904412204e+01 
       3.231058085777e-01       1.066886393318e+01 
       3.263303999274e-01       1.047593456000e+01 
       3.295549918854e-01       1.027970855333e+01 
       3.327795844339e-01       1.008063479550e+01 
       3.360041775558e-01       9.880009685787e+00 
       3.392287712347e-01       9.679488805120e+00 
       3.424533654547e-01       9.481012642391e+00 
       3.456779602007e-01       9.286293101354e+00 
       3.489025554579e-01       9.096988182591e+00 
       3.521271512124e-01       8.914459436524e+00 
       3.553517474504e-01       8.739741543245e+00 
       3.585763441589e-01       8.573517207032e+00 
       3.618009413253e-01       8.416048716977e+00 
       3.650255389373e-01       8.267172187357e+00 
       3.682501369833e-01       8.126114557193e+00 
       3.714747354517e-01       7.991769398138e+00 
       3.746993343318e-01       7.862809106914e+00 
       3.779239336129e-01       7.737864753791e+00 
       3.811485332848e-01       7.615739004223e+00 
       3.843731333377e-01       7.495462829113e+00 
       3.875977337618e-01       7.376403326924e+00 
       3.908223345482e-01       7.258060920787e+00 
       3.940469356877e-01       7.140236759447e+00 
       3.972715371719e-01       7.022873328652e+00 
       4.004961389923e-01       6.906027145817e+00 
       4.037207411408e-01       6.789997049538e+00 
       4.069453436096e-01       6.675249076662e+00 
       4.101699463911e-01       6.562306649347e+00 
       4.133945494780e-01       6.451777294300e+00 
       4.166191528632e-01       6.344143938226e+00 
       4.198437565397e-01       6.239711809877e+00 
       4.230683605009e-01       6.138638528115e+00 
       4.262929647403e-01       6.040925351145e+00 
       4.295175692515e-01       5.946471514937e+00 
       4.327421740286e-01       5.855143536455e+00 
       4.359667790656e-01       5.766767696433e+00 
       4.391913843566e-01       5.681146678407e+00 
       4.424159898963e-01       5.598008904503e+00 
       4.456405956791e-01       5.517015330655e+00 
       4.488652016997e-01       5.437780136502e+00 
       4.520898079532e-01       5.359936848515e+00 
       4.553144144344e-01       5.283177239168e+00 
       4.585390211386e-01       5.207321618762e+00 
       4.617636280612e-01       5.132292472503e+00 
       4.649882351975e-01       5.058106726851e+00 
       4.682128425430e-01       4.984824318979e+00 
       4.714374500936e-01       4.912516648278e+00 
       4.899200001301e-01       4.521431372058e+00 
       5.097410173835e-01       4.158289783509e+00 
       5.311537181542e-01       3.813011348322e+00 
       5.544973635151e-01       3.474339128917e+00 
       5.802401039192e-01       3.150804373813e+00 
       6.090512497848e-01       2.836835517160e+00 
       6.419298428288e-01       2.528458533585e+00 
       6.804481939881e-01       2.224644001566e+00 
       7.272480417244e-01       1.919847708313e+00 
       7.871348918974e-01       1.608856655157e+00 
       8.696530265854e-01       1.284888586932e+00 
       9.948228955579e-01       9.453513888314e-01 
       1.197848188681e+00       6.148007762978e-01 
       1.497857201139e+00       3.630049171842e-01 
